4 3
5		2		3		
-4		5		0		
0		1		-5		
3		7		6		

E 2 1
5		2		3		
0		33/5	12/5		
0		1		-5		
3		7		6		

E 4 1
5		2		3		
0		33/5	12/5		
0		1		-5		
0		29/5	21/5		

E 3 2
5		2		3		
0		33/5	12/5		
0		0		-59/11		
0		29/5	21/5		

E 4 2
5		2		3		
0		33/5	12/5		
0		0		-59/11		
0		0		23/11		

E 4 3
5		2		3		
0		33/5	12/5		
0		0		-59/11		
0		0		0		

E 2 3
5		2		3		
0		33/5	0		
0		0		-59/11		
0		0		0		

E 1 3
5		2		0		
0		33/5	0		
0		0		-59/11		
0		0		0		

E 1 2
5		0		0		
0		33/5	0		
0		0		-59/11		
0		0		0		

D 
1		0		0		
0		1		0		
0		0		1		
0		0		0		

Q 
