4 4
1		2		3		4		
5		6		7		8		
9		10		11		12		
13		14		15		16		

E 2 1
1		2		3		4		
0		-4		-8		-12		
9		10		11		12		
13		14		15		16		

E 3 1
1		2		3		4		
0		-4		-8		-12		
0		-8		-16		-24		
13		14		15		16		

E 4 1
1		2		3		4		
0		-4		-8		-12		
0		-8		-16		-24		
0		-12		-24		-36		

E 3 2
1		2		3		4		
0		-4		-8		-12		
0		0		0		0		
0		-12		-24		-36		

E 4 2
1		2		3		4		
0		-4		-8		-12		
0		0		0		0		
0		0		0		0		

E 1 2
1		0		-1		-2		
0		-4		-8		-12		
0		0		0		0		
0		0		0		0		

D 
1		0		-1		-2		
0		1		2		3		
0		0		0		0		
0		0		0		0		

Q 
